image: ground-truth-willow-garage.pgm
resolution: 0.063550
origin: [36.05, 24.85, 3.14159265359]
negate: 0
occupied_thresh: 0.65
free_thresh: 0.2 
